id,admin0,admin1,admin2,admin3,date,cases,movement_fb,non_moving_fb,mean_pop,sum_pop,o65_sum_pop,o65_perc_pop,long,lat,mean_city,mean_motor,mean_walk,StringencyIndex,GovernmentResponseIndex,ContainmentHealthIndex,EconomicSupportIndex
ECA0101,Ecuador,Azuay,Cuenca,,2021-11-05,56.0,-0.05376,0.15586,163.9458675,611845.9777,51992.22559,0.08497600300000001,-79.21998322,-2.8614753910000004,115.69785520000002,63.57477702,255.0158177,57.87,68.28,67.32,75.0
ECA0102,Ecuador,Azuay,Giron,,2021-11-05,0.0,,,36.74701102,15213.26256,2185.027008,0.14362645,-79.15934165,-3.179486676,39.16707617,16.78151998,97.28009828,57.87,68.28,67.32,75.0
ECA0103,Ecuador,Azuay,Gualaceo,,2021-11-05,1.0,-0.04925,0.18712,127.5274819,52413.79507,5893.672546,0.11244506,-78.84493133,-2.917848875,37.19950739,25.80206448,76.52216749,57.87,68.28,67.32,75.0
ECA0104,Ecuador,Azuay,Nabon,,2021-11-05,0.0,,,25.87053005,19170.06276,2432.8460210000007,0.12690862,-79.11888276,-3.329783141,79.76510067,22.83426712,85.00268456,57.87,68.28,67.32,75.0
ECA0105,Ecuador,Azuay,Paute,,2021-11-05,1.0,-0.00999,0.15862,99.14803766,31429.92794,3866.837013,0.12303042,-78.68166452,-2.710826563,37.85266458,21.38283047,105.9341693,57.87,68.28,67.32,75.0
ECA0106,Ecuador,Azuay,Pucara,,2021-11-05,1.0,,,17.82115377,12278.77495,1457.078345,0.11866643,-79.52749603,-3.192427141,132.6401734,79.75224651,283.9436416000001,57.87,68.28,67.32,75.0
ECA0107,Ecuador,Azuay,San Fernando,,2021-11-05,0.0,,,29.43985668,4887.016209,800.9729083,0.16389816,-79.26803015,-3.132711917,76.60946746,35.19231334,197.260355,57.87,68.28,67.32,75.0
ECA0108,Ecuador,Azuay,Santa Isabel,,2021-11-05,0.0,0.02465,0.21914,31.49585871,22173.08453,2410.898557,0.10873086,-79.36348171,-3.202338424,98.9844413,36.77445778,195.0664781,57.87,68.28,67.32,75.0
ECA0109,Ecuador,Azuay,Sigsig,,2021-11-05,0.0,-0.04651,0.20801999999999998,41.33113331,32610.26418,3962.963821,0.12152504,-78.85390493,-3.129850837,98.20807062,57.82596284,161.33669609999995,57.87,68.28,67.32,75.0
ECA0110,Ecuador,Azuay,Ona,,2021-11-05,0.0,,,12.69579567,4354.657915,716.0005399,0.16442177,-79.1306218,-3.4891811180000003,93.79351032,37.33893815,120.1415929,57.87,68.28,67.32,75.0
ECA0111,Ecuador,Azuay,Chordeleg,,2021-11-05,0.0,,,117.6385139,14351.8987,1736.054154,0.12096338,-78.73352521,-2.995709554,64.84677419,41.8548315,99.04032258,57.87,68.28,67.32,75.0
ECA0112,Ecuador,Azuay,El Pan,,2021-11-05,0.0,,,23.78021007,3662.15235,765.9317639999998,0.20914797,-78.65468777,-2.8577357130000003,174.2774194,147.3572107,202.5483871,57.87,68.28,67.32,75.0
ECA0113,Ecuador,Azuay,Sevilla De Oro,,2021-11-05,0.0,,,19.32059828,7090.659570000002,902.4694023,0.12727581,-78.54195451,-2.659535162,140.0,117.0994918,344.58196719999995,57.87,68.28,67.32,75.0
ECA0114,Ecuador,Azuay,Guachapala,,2021-11-05,0.0,,,88.28476257,3972.814316,643.3166432,0.1619297,-78.69654048,-2.783194078,32.36363636,8.853318968,70.97727273,57.87,68.28,67.32,75.0
ECA0115,Ecuador,Azuay,Camilo Ponce Enriquez,,2021-11-05,0.0,0.13538,0.38705,35.38498182,26361.81146,1350.777645,0.051239941,-79.59863287,-2.97784424,144.8644295,71.73648978,283.6684564,57.87,68.28,67.32,75.0
ECB0201,Ecuador,Bolivar,Guaranda,,2021-11-05,0.0,0.04484,0.15244000000000002,45.51238853,101356.0893,15137.130969999998,0.14934604,-79.04949703,-1.414620412,81.76871055,40.19119263,157.4977457,57.87,68.28,67.32,75.0
ECB0202,Ecuador,Bolivar,Chillanes,,2021-11-05,0.0,,,24.79746271,19193.23614,2531.192689,0.13187939999999998,-79.1211132,-2.01157654,110.4365285,41.06511728,143.38730569999996,57.87,68.28,67.32,75.0
ECB0203,Ecuador,Bolivar,Chimbo,,2021-11-05,0.0,,,55.44607342,17021.94454,1733.21097,0.10182215,-79.14469914,-1.673247719,69.18181818,36.59522917,115.2272727,57.87,68.28,67.32,75.0
ECB0204,Ecuador,Bolivar,Echeandia,,2021-11-05,1.0,,,48.3654893,13107.0476,3264.702018,0.2490799,-79.26269193,-1.455491085,79.66914498,46.85181294,285.2862454,57.87,68.28,67.32,75.0
ECB0205,Ecuador,Bolivar,San Miguel,,2021-11-05,10.0,0.06677000000000001,0.19263,44.45852475,29698.294530000006,4456.489311,0.15005876,-79.10377606,-1.794458712,75.3,37.42844293,117.9402985,57.87,68.28,67.32,75.0
ECB0206,Ecuador,Bolivar,Caluma,,2021-11-05,0.0,,,69.15395394,14314.86847,1459.870633,0.10198282,-79.21882232,-1.608160477,90.70813397,42.91015341,282.6220096,57.87,68.28,67.32,75.0
ECB0207,Ecuador,Bolivar,Las Naves,,2021-11-05,0.0,,,39.73780694,6795.164988,760.0120239,0.111846,-79.29244138,-1.286889212,64.65142857,18.82088594,83.13714286,57.87,68.28,67.32,75.0
ECC0401,Ecuador,Carchi,Tulcan,,2021-11-05,3.0,,,49.42936118,105778.8329,8853.739089,0.083700478,-78.04032855,0.821223423,287.8052312,218.4215782,387.6725829,57.87,68.28,67.32,75.0
ECC0402,Ecuador,Carchi,Bolivar,,2021-11-05,0.0,,,37.14361262,15414.59924,2026.259813,0.1314507,-77.93458829,0.497500767,80.46097561,48.99775958,83.6097561,57.87,68.28,67.32,75.0
ECC0403,Ecuador,Carchi,Espejo,,2021-11-05,0.0,,,22.40880824,14498.498930000002,1974.369524,0.13617751,-77.964739,0.66375309,143.0046083,98.53076804,205.4639017,57.87,68.28,67.32,75.0
ECC0404,Ecuador,Carchi,Mira,,2021-11-05,0.0,,,19.37796782,13254.52999,1808.545212,0.13644733,-78.10479832,0.5914877279999999,148.2253314,112.8944314,236.5022091,57.87,68.28,67.32,75.0
ECC0405,Ecuador,Carchi,Montufar,,2021-11-05,0.0,-0.020319999999999998,0.15866,73.88516344,33174.43839,3881.6542700000014,0.11700738,-77.81526161,0.567122695,91.54666667,55.60966946,100.4666667,57.87,68.28,67.32,75.0
ECC0406,Ecuador,Carchi,San Pedro De Huaca,,2021-11-05,0.0,,,99.42841203,8451.415023,862.1802127000002,0.10201608,-77.7143888,0.612794684,38.85882353,16.72535018,46.70588235,57.87,68.28,67.32,75.0
ECD2201,Ecuador,Orellana,Orellana,,2021-11-05,2.0,-0.03228,0.20362,14.59933326,120473.698,4050.627218,0.033622503,-76.77258036,-0.654333124,296.8894277,205.0305516,630.639064,57.87,68.28,67.32,75.0
ECD2202,Ecuador,Orellana,Aguarico,,2021-11-05,0.0,,,0.614316022,8015.595452,442.5049702,0.055205502,-75.8821888,-0.949666731,1160.704141,706.4361711,1327.019555,57.87,68.28,67.32,75.0
ECD2203,Ecuador,Orellana,La Joya De Los Sachas,,2021-11-05,0.0,,,44.68887210000001,62743.17642999999,3592.933147,0.05726412700000001,-76.89148859999997,-0.280089967,72.22869318,44.58947651,239.8352273,57.87,68.28,67.32,75.0
ECD2204,Ecuador,Orellana,Loreto,,2021-11-05,0.0,,,14.04593879,35255.30637,1418.514552,0.04023549,-77.35251829,-0.643543534,196.8738019,204.2220897,784.6505591,57.87,68.28,67.32,75.0
ECE0801,Ecuador,Esmeraldas,Esmeraldas,,2021-11-05,0.0,-0.10008,0.28209,144.8988496,227346.295,15206.84749,0.066888474,-79.62575932,0.794979095,91.05751634,74.2137807,271.39869280000005,57.87,68.28,67.32,75.0
ECE0802,Ecuador,Esmeraldas,Eloy Alfaro,,2021-11-05,0.0,-0.06569,0.44055,9.714879806,48593.82879,3066.263972,0.063099861,-78.95054379,0.730194109,663.6209709999998,421.9436974,766.3237454,57.87,68.28,67.32,75.0
ECE0803,Ecuador,Esmeraldas,Muisne,,2021-11-05,0.0,,,23.43994448,33776.96,2444.272475,0.072365083,-79.9208559,0.47957047,128.3017544,84.03674151,330.3136841999999,57.87,68.28,67.32,75.0
ECE0804,Ecuador,Esmeraldas,Quininde,,2021-11-05,0.0,-0.04726,0.29172,34.20776102,155166.404,9025.19587,0.058164626,-79.43892912,0.362069438,190.1377788,110.0334864,334.42283060000005,57.87,68.28,67.32,75.0
ECE0805,Ecuador,Esmeraldas,San Lorenzo,,2021-11-05,0.0,0.04753,0.26248,14.99650179,52907.65831,2870.763689,0.054259889000000006,-78.67609247,0.986996613,291.3882014,212.078016,575.7752518,57.87,68.28,67.32,75.0
ECE0806,Ecuador,Esmeraldas,Atacames,,2021-11-05,0.0,-0.00939,0.2452300000000001,81.05676631,47985.60566,2787.402871,0.058088314,-79.85939036,0.78804561,41.44007156,21.86970411,104.0447227,57.87,68.28,67.32,75.0
ECE0807,Ecuador,Esmeraldas,Rioverde,,2021-11-05,0.0,,,18.12142925,31875.594060000003,2323.094518,0.07288003700000001,-79.34059503,0.852739406,280.8581355,148.0769784,368.9797336,57.87,68.28,67.32,75.0
ECF0301,Ecuador,Canar,Azogues,,2021-11-05,0.0,0.13348,0.11482,107.1149312,76694.29074,8954.346602,0.11675376,-78.74663157,-2.626490062,77.31328671,56.40114439,232.95524480000003,57.87,68.28,67.32,75.0
ECF0302,Ecuador,Canar,Biblian,,2021-11-05,0.0,,,84.81482399,22645.55801,3206.376971,0.14158967,-78.98091571,-2.658509739,58.36802974,26.42048797,126.1189591,57.87,68.28,67.32,75.0
ECF0303,Ecuador,Canar,Canar,,2021-11-05,1.0,0.09332,0.17486,32.06827851,74173.9282,7391.612753,0.099652439,-79.06869594,-2.581554587,125.5073657,61.53878356,233.2525997,57.87,68.28,67.32,75.0
ECF0304,Ecuador,Canar,La Troncal,,2021-11-05,0.0,0.022090000000000002,0.26537,160.3643261,59976.25797000001,3993.6660130000014,0.066587448,-79.38192198,-2.448590511,58.60427807,18.64571031,101.4491979,57.87,68.28,67.32,75.0
ECF0305,Ecuador,Canar,El Tambo,,2021-11-05,0.0,,,134.9542309,10391.47578,968.3583004,0.093187757,-78.92192923,-2.504105982,40.19230769,9.689575289,52.66666667,57.87,68.28,67.32,75.0
ECF0306,Ecuador,Canar,Deleg,,2021-11-05,0.0,,,77.68653252,7069.4744599999985,1576.95985,0.22306606,-78.93941236,-2.762895412,28.33333333,16.30682063,54.23333333,57.87,68.28,67.32,75.0
ECF0307,Ecuador,Canar,Suscal,,2021-11-05,0.0,,,97.18269164,5345.04804,542.5236462,0.10150024,-79.06685317,-2.464231815,48.03571429,22.61205305,217.6071429,57.87,68.28,67.32,75.0
ECG0901,Ecuador,Guayas,Guayaquil,,2021-11-05,65.0,-0.12086,0.28791,571.9767682999999,2755212.0930000003,191703.086,0.069578342,-80.15987812,-2.332294716,99.22421142,64.79277971,290.908994,57.87,68.28,67.32,75.0
ECG0902,Ecuador,Guayas,Alfredo Baquerizo Moreno,,2021-11-05,0.0,,,116.2608387,29413.99219,2239.862261,0.076149553,-79.54742291,-1.946946497,40.32684825,33.07574748,201.614786,57.87,68.28,67.32,75.0
ECG0903,Ecuador,Guayas,Balao,,2021-11-05,0.0,-0.00315,0.2823,52.06284017,24677.78624,1477.595788,0.05987554,-79.73408007,-2.892595129,76.50759219,39.92577364,162.7527115,57.87,68.28,67.32,75.0
ECG0904,Ecuador,Guayas,Balzar,,2021-11-05,0.0,0.19343,0.25096,47.01542383,65163.37742,5040.568087,0.077352777,-79.90730481,-1.290248668,64.10151188,46.45018823,181.1403888,57.87,68.28,67.32,75.0
ECG0905,Ecuador,Guayas,Colimes,,2021-11-05,0.0,,,32.73049326,29228.33048,2766.138329,0.094638944,-80.08754466,-1.530974859,57.77097506,48.75639838,241.7437642,57.87,68.28,67.32,75.0
ECG0906,Ecuador,Guayas,Daule,,2021-11-05,0.0,-0.1961,0.22093000000000002,290.2333732,159628.3553,12009.56246,0.075234517,-79.94320245,-1.900898573,11.42057762,12.61479607,88.53790614,57.87,68.28,67.32,75.0
ECG0907,Ecuador,Guayas,Duran,,2021-11-05,1.0,,,773.2200614,269080.5814,14254.73701,0.052975718,-79.77702911,-2.230851392,15.54285714,13.41818135,83.40857143,57.87,68.28,67.32,75.0
ECG0908,Ecuador,Guayas,Empalme,,2021-11-05,1.0,,,107.2082261,89947.70172000003,6206.923934,0.069005921,-79.66026123,-0.987886756,25.34730539,21.53788555,114.51377250000002,57.87,68.28,67.32,75.0
ECG0909,Ecuador,Guayas,El Triunfo,,2021-11-05,1.0,-0.04095,0.25977,116.5318648,52905.46664,3759.226423,0.071055539,-79.38129526,-2.318170035,53.57582418,25.78016852,140.6637363,57.87,68.28,67.32,75.0
ECG0910,Ecuador,Guayas,Milagro,,2021-11-05,5.0,-0.0916,0.26871999999999996,428.2810323,200435.5231,15838.65194,0.079021186,-79.5601145,-2.118305282,10.2793177,10.67136096,82.445629,57.87,68.28,67.32,75.0
ECG0911,Ecuador,Guayas,Naranjal,,2021-11-05,2.0,0.111,0.28755,41.05600808,83548.97645,5073.4831920000015,0.060724661,-79.60765248,-2.53511979,102.9909729,66.87200932,240.3415246,57.87,68.28,67.32,75.0
ECG0912,Ecuador,Guayas,Naranjito,,2021-11-05,0.0,0.08367000000000001,0.24636,167.7677955,44458.4658,3510.4734380000004,0.078960739,-79.39784112,-2.154070119,27.35114504,12.06288354,83.56870229,57.87,68.28,67.32,75.0
ECG0913,Ecuador,Guayas,Palestina,,2021-11-05,0.0,,,84.28198439,19132.01046,1521.7262039999996,0.07953822599999999,-79.91927290000002,-1.6368492,33.79912664,29.99321173,153.4934498,57.87,68.28,67.32,75.0
ECG0914,Ecuador,Guayas,Pedro Carbo,,2021-11-05,1.0,0.04774,0.25006999999999996,47.84946825,52299.4688,4234.83315,0.080972776,-80.28903464,-1.851064927,63.27838828,33.47452928,167.18498169999995,57.87,68.28,67.32,75.0
ECG0916,Ecuador,Guayas,Samborondon,,2021-11-05,1.0,-0.17114000000000001,0.22443000000000002,169.85135549999995,71677.27203,6088.638046,0.084945172,-79.78304669,-1.982976468,32.00238095,22.23448253,97.2952381,57.87,68.28,67.32,75.0
ECG0918,Ecuador,Guayas,Santa Lucia,,2021-11-05,0.0,-0.12172999999999999,0.28376999999999997,111.0756791,46318.5582,2492.67078,0.053815812000000005,-80.03517079,-1.714514773,36.7373494,23.96374633,117.0168675,57.87,68.28,67.32,75.0
ECG0919,Ecuador,Guayas,Salitre,,2021-11-05,1.0,,,149.3508445,68552.03762,5637.068201,0.082230501,-79.80273459,-1.805111071,32.12121212,17.70306693,110.3831169,57.87,68.28,67.32,75.0
ECG0920,Ecuador,Guayas,San Jacinto De Yaguachi,,2021-11-05,0.0,,,125.5678202,75842.96341,6653.270804,0.087724298,-79.74303914,-2.10273082,23.13689482,17.93040112,81.92487479,57.87,68.28,67.32,75.0
ECG0921,Ecuador,Guayas,Playas,,2021-11-05,0.0,0.015059999999999999,0.25635,146.70258159999997,46064.61062,3194.795778,0.069354668,-80.43820063,-2.556733444,69.45741325,33.09125897,161.15772869999995,57.87,68.28,67.32,75.0
ECG0922,Ecuador,Guayas,Simon Bolivar,,2021-11-05,0.0,-0.059829999999999994,0.34471,91.0839373,31332.87443,2323.154527,0.074144319,-79.40763265,-2.037261555,43.58550725,26.22423638,182.3855072,57.87,68.28,67.32,75.0
ECG0923,Ecuador,Guayas,Coronel Marcelino Mariduena,,2021-11-05,0.0,,,51.80866204,15594.40727,1620.504549,0.10391575,-79.38207762,-2.239200659,37.75409836,22.19582578,135.4786885,57.87,68.28,67.32,75.0
ECG0924,Ecuador,Guayas,Lomas De Sargentillo,,2021-11-05,0.0,,,281.1321294,22209.43822,1635.555545,0.073642366,-80.08029322,-1.850180663,16.34210526,10.33868814,56.17105263,57.87,68.28,67.32,75.0
ECG0925,Ecuador,Guayas,Nobol,,2021-11-05,0.0,,,156.7168248,25074.69197,1717.4032109999996,0.068491496,-80.04944428,-1.965235415,33.59627329,30.18884721,128.0559006,57.87,68.28,67.32,75.0
ECG0927,Ecuador,Guayas,General Antonio Elizalde,,2021-11-05,0.0,,,68.55437316,12339.78717,1062.671572,0.086117499,-79.20222772,-2.156293454,53.32222222,33.32011464,154.41666669999995,57.87,68.28,67.32,75.0
ECG0928,Ecuador,Guayas,Isidro Ayora,,2021-11-05,0.0,,,23.94401435,13648.08818,904.2984595,0.066258252,-80.16256925,-1.962422045,65.20557491,35.61887784,121.33275259999998,57.87,68.28,67.32,75.0
ECH0601,Ecuador,Chimborazo,Riobamba,,2021-11-05,3.0,-0.05476,0.15619,226.1597427,259857.5444,24919.340330000006,0.095896162,-78.77324101,-1.613301829,52.84031414,45.99650373,197.052356,57.87,68.28,67.32,75.0
ECH0602,Ecuador,Chimborazo,Alausi,,2021-11-05,0.0,0.0445,0.19024000000000002,26.26600796,50903.52343,5745.680435,0.11287393,-78.74182755,-2.2955356030000003,196.1600618,152.460296,380.9701493,57.87,68.28,67.32,75.0
ECH0603,Ecuador,Chimborazo,Colta,,2021-11-05,0.0,,,52.34820006,51353.58426,7769.4635480000015,0.1512935,-78.84406541,-1.815744463,57.95816327,41.8652778,190.4081633,57.87,68.28,67.32,75.0
ECH0604,Ecuador,Chimborazo,Chambo,,2021-11-05,1.0,,,71.81024955,13859.37816,1438.176181,0.10376917,-78.53915286,-1.758820889,63.13020833,45.5938479,183.1197917,57.87,68.28,67.32,75.0
ECH0605,Ecuador,Chimborazo,Chunchi,,2021-11-05,1.0,,,45.75869469,14505.50622,2007.351375,0.13838547,-78.90544657,-2.334509392,97.52848101,55.05469043,198.1582278,57.87,68.28,67.32,75.0
ECH0606,Ecuador,Chimborazo,Guamote,,2021-11-05,0.0,,,36.58551765,51951.43507,4065.491695,0.078255616,-78.63859907,-2.038737066,98.72249474,88.05672603,421.9978977,57.87,68.28,67.32,75.0
ECH0607,Ecuador,Chimborazo,Guano,,2021-11-05,0.0,-0.04333,0.14103,93.07208917,49979.71188,5829.305542,0.11663344,-78.68193888,-1.5600158869999998,33.32342007,24.11328191,141.1486989,57.87,68.28,67.32,75.0
ECH0608,Ecuador,Chimborazo,Pallatanga,,2021-11-05,0.0,,,29.99819965,13379.19704,1640.603713,0.12262348,-78.93029951,-2.017025535,114.0674157,67.02587502,262.25168540000004,57.87,68.28,67.32,75.0
ECH0609,Ecuador,Chimborazo,Penipe,,2021-11-05,0.0,,,18.08936483,7687.9800540000015,1586.193272,0.20632119,-78.44992871,-1.5664217580000002,184.22325580000003,134.2086457,249.5767442,57.87,68.28,67.32,75.0
ECH0610,Ecuador,Chimborazo,Cumanda,,2021-11-05,0.0,,,78.05799543,14518.78715,1200.823617,0.082708262,-79.05098586,-2.205088281,102.4891304,50.4443573,148.9891304,57.87,68.28,67.32,75.0
ECI1001,Ecuador,Imbabura,Ibarra,,2021-11-05,3.0,-0.08741,0.17332,165.4781676,213135.8798,21936.774,0.10292389,-78.08674157,0.329279117,73.3601859,53.11295174,172.59178930000004,57.87,68.28,67.32,75.0
ECI1002,Ecuador,Imbabura,Antonio Ante,,2021-11-05,0.0,-0.060020000000000004,0.16707,541.0471945,50858.43629,5068.125088000002,0.099651612,-78.21790953,0.325917809,10.35106383,7.771942432,39.11702128,57.87,68.28,67.32,75.0
ECI1003,Ecuador,Imbabura,Cotacachi,,2021-11-05,0.0,-0.03453,0.23312,25.62575346,54377.84884,5447.602886,0.10018055,-78.74498578,0.318427928,230.9962246,124.2156545,427.2642756,57.87,68.28,67.32,75.0
ECI1004,Ecuador,Imbabura,Otavalo,,2021-11-05,0.0,0.0482,0.16065,210.6337068,122167.5499,11074.09619,0.090646788,-78.24643946,0.212887438,49.68502582,38.90396854,171.28399309999998,57.87,68.28,67.32,75.0
ECI1005,Ecuador,Imbabura,Pimampiro,,2021-11-05,0.0,,,29.60240698,15422.85403,2094.739492,0.13582048,-77.93434053,0.288425042,142.5096154,86.32832181,269.7788462,57.87,68.28,67.32,75.0
ECI1006,Ecuador,Imbabura,San Miguel De Urcuqui,,2021-11-05,0.0,,,20.69340969,18561.98849,2306.12968,0.12423936,-78.31666846,0.567080757,178.6046771,116.0573709,374.5857461,57.87,68.28,67.32,75.0
ECL1101,Ecuador,Loja,Loja,,2021-11-05,2.0,-0.04349,0.16706,108.3805501,240713.2018,19909.49275,0.08271043,-79.43476089,-3.847080383,86.52246181,77.46877496,188.6284816,57.87,68.28,67.32,75.0
ECL1102,Ecuador,Loja,Calvas,,2021-11-05,1.0,-0.15018,0.2497,31.98109645,31437.417810000006,4381.976154,0.13938728,-79.60399807,-4.3372681339999986,80.68399592,20.51612005,107.6687054,57.87,68.28,67.32,75.0
ECL1103,Ecuador,Loja,Catamayo,,2021-11-05,0.0,0.0867,0.18532,45.13006031,34659.88632,3755.646947,0.10835716,-79.40320337,-3.96141736,46.46124031,35.28430825,129.1847545,57.87,68.28,67.32,75.0
ECL1104,Ecuador,Loja,Celica,,2021-11-05,0.0,,,26.54634055,16193.26774,2010.212202,0.12413877,-80.02957108,-4.167710903,77.43973941,15.17415276,75.86482085,57.87,68.28,67.32,75.0
ECL1105,Ecuador,Loja,Chaguarpamba,,2021-11-05,0.0,,,22.08044942,8147.685837000001,1393.526244,0.17103338,-79.67052290000002,-3.853277468,59.23035229999999,29.09797323,120.98915990000002,57.87,68.28,67.32,75.0
ECL1106,Ecuador,Loja,Espindola,,2021-11-05,0.0,,,27.16039154,16404.876490000002,2383.486825,0.14529136,-79.41129123,-4.546943342,142.1976936,106.1040785,182.2932455,57.87,68.28,67.32,75.0
ECL1107,Ecuador,Loja,Gonzanama,,2021-11-05,0.0,,,17.47276745,14327.66931,2715.788675,0.18954854,-79.45608901,-4.159512386,60.51522534,42.14662425,224.3483557,57.87,68.28,67.32,75.0
ECL1108,Ecuador,Loja,Macara,,2021-11-05,0.0,,,31.00427806,20865.87914,2492.607971,0.11945856,-79.94583411,-4.304373728,100.6957164,33.3014747,151.1462334,57.87,68.28,67.32,75.0
ECL1109,Ecuador,Loja,Paltas,,2021-11-05,0.0,-0.09283,0.29617,19.78819859,26773.43269,4305.559359000001,0.16081461,-79.75902502,-4.013053759,81.02137067,38.02837026,176.9285188,57.87,68.28,67.32,75.0
ECL1110,Ecuador,Loja,Puyango,,2021-11-05,0.0,,,23.25084835,17368.383719999998,2011.146491,0.11579353,-80.07222509,-3.97459583,85.08724832,32.43102268,153.6375839,57.87,68.28,67.32,75.0
ECL1111,Ecuador,Loja,Saraguro,,2021-11-05,0.0,-0.0609,0.19822,26.79116132,33997.98372,3821.031461,0.11238994,-79.296993,-3.569930325,89.19051383,47.29233898,187.4355731,57.87,68.28,67.32,75.0
ECL1112,Ecuador,Loja,Sozoranga,,2021-11-05,0.0,,,17.19511362,8322.43499,1361.4050960000004,0.16358255,-79.83262885,-4.238104686000002,97.98329854,33.39157137,186.6722338,57.87,68.28,67.32,75.0
ECL1113,Ecuador,Loja,Zapotillo,,2021-11-05,0.0,,,10.05105058,14443.35969,1605.159395,0.11113477,-80.39101859,-4.39206818,132.6996491,58.2229723,359.4238596,57.87,68.28,67.32,75.0
ECL1114,Ecuador,Loja,Pindal,,2021-11-05,0.0,,,40.2206938,9532.304431,986.9861988,0.1035412,-80.1312723,-4.093127476,71.99156118,18.70831968,127.6540084,57.87,68.28,67.32,75.0
ECL1115,Ecuador,Loja,Quilanga,,2021-11-05,0.0,,,17.84302331,4942.517458,923.0777117,0.18676266,-79.38329729,-4.343351136,85.46931408,55.71823829,202.433213,57.87,68.28,67.32,75.0
ECL1116,Ecuador,Loja,Olmedo,,2021-11-05,0.0,,,40.51320654,5347.743263,1003.713827,0.18768923,-79.59704718,-3.936430173,41.4,19.16682371,90.21538462,57.87,68.28,67.32,75.0
ECM1301,Ecuador,Manabi,Portoviejo,,2021-11-05,9.0,-0.053529999999999994,0.23446,289.3393517,327821.4854,25057.84584,0.07643747299999999,-80.36432228,-1.04108302,15.36331256,14.46189774,113.9715049,57.87,68.28,67.32,75.0
ECM1302,Ecuador,Manabi,Bolivar,,2021-11-05,2.0,-0.18170999999999998,0.28715,75.72977627,47558.2995,4159.781229,0.087466985,-80.03392472,-0.909541046,48.72972973,34.21822692,209.5294118,57.87,68.28,67.32,75.0
ECM1303,Ecuador,Manabi,Chone,,2021-11-05,2.0,-0.05144,0.27681999999999995,41.59374273,148656.0365,11533.81504,0.077587262,-80.11054044,-0.572697738,43.41233948,31.0318185,227.7959241,57.87,68.28,67.32,75.0
ECM1304,Ecuador,Manabi,El Carmen,,2021-11-05,4.0,0.06939,0.25387,63.61921394,130228.5309,8132.998823999998,0.062451743,-79.57119085,-0.435953087,37.42578125,28.29272387,177.7285156,57.87,68.28,67.32,75.0
ECM1305,Ecuador,Manabi,Flavio Alfaro,,2021-11-05,0.0,,,18.59672923,29457.2191,1935.051344,0.065690227,-79.81738606,-0.325030389,74.92793932,59.51621866,264.2408344,57.87,68.28,67.32,75.0
ECM1306,Ecuador,Manabi,Jipijapa,,2021-11-05,1.0,-0.09817000000000001,0.24495,48.49288504,83262.28362,10600.33476,0.12731257,-80.59088025,-1.445441291,39.73169303,32.65431645,192.1528998,57.87,68.28,67.32,75.0
ECM1307,Ecuador,Manabi,Junin,,2021-11-05,0.0,,,77.11043448,22439.13643,2184.848554,0.097367764,-80.19533893,-0.941620318,29.34353742,12.10830018,87.86054422,57.87,68.28,67.32,75.0
ECM1308,Ecuador,Manabi,Manta,,2021-11-05,6.0,-0.0464,0.27061999999999997,740.0134904,255304.6542,16223.941680000002,0.06354738,-80.80345367,-1.02714727,10.97633136,11.72564806,87.45266272,57.87,68.28,67.32,75.0
ECM1309,Ecuador,Manabi,Montecristi,,2021-11-05,2.0,-0.04194,0.26575,94.94968457,83650.6721,5272.298663000001,0.06302756799999999,-80.69647086,-1.126840248,21.02181401,19.02984885,168.28817450000003,57.87,68.28,67.32,75.0
ECM1310,Ecuador,Manabi,Pajan,,2021-11-05,0.0,,,34.17794923,43645.24117,5555.388792,0.12728509,-80.39784333,-1.661700947,66.16953125,49.71720231,204.6257813,57.87,68.28,67.32,75.0
ECM1311,Ecuador,Manabi,Pichincha,,2021-11-05,0.0,,,28.43472171,35799.31464,2437.939839,0.06810018400000001,-79.76448907,-0.801582127,89.04375497,58.50034434,251.4327765,57.87,68.28,67.32,75.0
ECM1312,Ecuador,Manabi,Rocafuerte,,2021-11-05,0.0,-0.02519,0.24745,121.7008774,39065.98165,3386.299241,0.08668153699999999,-80.40582395,-0.905704589,14.42857143,9.744377791,92.19565217,57.87,68.28,67.32,75.0
ECM1313,Ecuador,Manabi,Santa Ana,,2021-11-05,0.0,-0.01541,0.31438,46.31273184,55482.65275,4525.144375,0.081559628,-80.21235857,-1.196131565,41.42131557,37.86836661,221.1457119,57.87,68.28,67.32,75.0
ECM1314,Ecuador,Manabi,Sucre,,2021-11-05,4.0,-0.04955,0.2938,75.05397647,59517.80334,5326.946653,0.089501739,-80.42880657,-0.743114133,33.67553866,18.06884947,153.26996200000005,57.87,68.28,67.32,75.0
ECM1315,Ecuador,Manabi,Tosagua,,2021-11-05,9.0,-0.0326,0.25382,103.2186226,45416.19395,3909.317038,0.08607760099999999,-80.27130473,-0.7800606990000001,17.04072398,11.83364154,106.8280543,57.87,68.28,67.32,75.0
ECM1316,Ecuador,Manabi,Veinticuatro De Mayo,,2021-11-05,0.0,,,54.71227605,33648.04977,4457.714807,0.13248064,-80.37483353,-1.3829462890000002,34.78733766,33.77968771,223.87662340000003,57.87,68.28,67.32,75.0
ECM1317,Ecuador,Manabi,Pedernales,,2021-11-05,1.0,-0.025730000000000003,0.24445,28.22800637,63004.91021,3304.217786,0.052443814000000005,-79.89259702,0.095177247,122.2524797,58.25332566,298.11992789999994,57.87,68.28,67.32,75.0
ECM1318,Ecuador,Manabi,Olmedo,,2021-11-05,0.0,,,39.14856244,11705.42017,1152.560929,0.098463863,-80.21353266,-1.36142379,54.68896321,35.80213037,208.94648830000003,57.87,68.28,67.32,75.0
ECM1319,Ecuador,Manabi,Puerto Lopez,,2021-11-05,0.0,-0.13855,0.21156999999999998,44.79703773,22712.09813,1494.971856,0.065822713,-80.75066709,-1.563571587,71.26166329,40.25107892,169.7058824,57.87,68.28,67.32,75.0
ECM1320,Ecuador,Manabi,Jama,,2021-11-05,0.0,,,39.79871111,26824.33129,1390.945314,0.051853869,-80.23060595,-0.221445655,67.88938715,16.83075883,144.4349776,57.87,68.28,67.32,75.0
ECM1321,Ecuador,Manabi,Jaramijo,,2021-11-05,0.0,-0.06358,0.24075,195.3668711,22076.45643,1081.243217,0.048977207,-80.60366363,-0.975674704,7.981818182,9.929996783,96.19090909,57.87,68.28,67.32,75.0
ECM1322,Ecuador,Manabi,San Vicente,,2021-11-05,6.0,0.05439,0.26114,29.76836585,24797.04875,2421.313119,0.097645216,-80.35920979,-0.47750891,40.76715686,15.68165328,124.8210784,57.87,68.28,67.32,75.0
ECN1501,Ecuador,Napo,Tena,,2021-11-05,8.0,-0.0761,0.17537,21.90924064,99949.9558,4350.811298,0.043529898,-77.37965936,-0.990224309,346.085758,266.020579,634.5646467,57.87,68.28,67.32,75.0
ECN1503,Ecuador,Napo,Archidona,,2021-11-05,1.0,-0.0982,0.22069,11.88331624,42078.82282,2060.237097,0.048961375,-77.72789968,-0.7327937990000001,317.9133258,277.0306546,801.8997741000002,57.87,68.28,67.32,75.0
ECN1504,Ecuador,Napo,El Chaco,,2021-11-05,0.0,,,3.275150566,13392.09067,876.6184902000001,0.065457925,-77.67255694,-0.251041638,562.8702346,537.7780462999998,1275.581378,57.87,68.28,67.32,75.0
ECN1507,Ecuador,Napo,Quijos,,2021-11-05,1.0,,,5.57986552,10345.07067,781.2401679999998,0.075518109,-77.90764328,-0.521307266,273.4889369,259.72515780000003,825.9384781,57.87,68.28,67.32,75.0
ECN1509,Ecuador,Napo,Carlos Julio Arosemena Tola,,2021-11-05,1.0,,,10.41907496,6074.320701,429.6536071,0.07073278,-77.93998708,-1.164076244,437.1132075,268.328979,411.57804460000006,57.87,68.28,67.32,75.0
ECO0701,Ecuador,El Oro,Machala,,2021-11-05,11.0,-0.05435,0.26094,727.834668,276577.1739,18181.231880000007,0.065736562,-79.94443049,-3.321131292,18.16710875,19.05516029,80.78779841,57.87,68.28,67.32,75.0
ECO0702,Ecuador,El Oro,Arenillas,,2021-11-05,0.0,-0.16494,0.24056999999999998,35.33002931,33280.887610000005,2616.01632,0.078604162,-80.08943161,-3.5997735260000003,35.39490446,22.37636579,95.51804671,57.87,68.28,67.32,75.0
ECO0703,Ecuador,El Oro,Atahualpa,,2021-11-05,0.0,,,20.72308518,6714.2796,941.5245085,0.14022718,-79.71993022,-3.530859444,94.50461538,67.67208892,246.6184615,57.87,68.28,67.32,75.0
ECO0704,Ecuador,El Oro,Balsas,,2021-11-05,0.0,,,96.55956972,7821.325148000001,638.3699259,0.081619151,-79.83766971,-3.768775132,36.24358974,26.43899589,214.525641,57.87,68.28,67.32,75.0
ECO0705,Ecuador,El Oro,Chilla,,2021-11-05,0.0,,,7.601257672999999,2926.484204,438.4517439,0.14982201,-79.62754293,-3.441607261,114.0939948,82.07901868,273.9060052,57.87,68.28,67.32,75.0
ECO0706,Ecuador,El Oro,El Guabo,,2021-11-05,1.0,0.0602,0.25324,81.94319031,58343.5515,3479.948261,0.059645809,-79.78866374,-3.169314559,69.79320113,42.23172516,148.0679887,57.87,68.28,67.32,75.0
ECO0707,Ecuador,El Oro,Huaquillas,,2021-11-05,3.0,0.01726,0.24351,750.5468933999998,57041.5639,3028.889725,0.053099696,-80.18681803,-3.461881165,23.36619718,20.38712981,62.53521127,57.87,68.28,67.32,75.0
ECO0708,Ecuador,El Oro,Marcabeli,,2021-11-05,0.0,,,36.99245951,6325.710577000002,692.9504576,0.10954507,-79.93193378,-3.780013777,65.53448276,36.96604512,215.8448276,57.87,68.28,67.32,75.0
ECO0709,Ecuador,El Oro,Pasaje,,2021-11-05,0.0,0.00049,0.29168,157.328932,84328.30752999999,7110.16484,0.08431527800000001,-79.73437724,-3.328738273,62.5,33.16117949,142.0313653,57.87,68.28,67.32,75.0
ECO0710,Ecuador,El Oro,Pinas,,2021-11-05,0.0,,,41.81225369,30313.88393,3510.775234,0.1158141,-79.71309871,-3.703402951,55.04958678,32.26983805,125.1349862,57.87,68.28,67.32,75.0
ECO0711,Ecuador,El Oro,Portovelo,,2021-11-05,0.0,0.09559,0.28695,41.90249178,14079.23724,1508.176154,0.10712059,-79.50270931,-3.74089783,121.2275449,79.52585165,219.494012,57.87,68.28,67.32,75.0
ECO0712,Ecuador,El Oro,Santa Rosa,,2021-11-05,2.0,0.03833,0.28751,82.95042973,79134.70996000001,6296.312376,0.079564482,-79.90163492,-3.494881775,55.93186813,52.75070279,192.6395604,57.87,68.28,67.32,75.0
ECO0713,Ecuador,El Oro,Zaruma,,2021-11-05,0.0,-0.04691,0.30806999999999995,36.62500357,27981.50272,3399.305174,0.12148401,-79.5812632,-3.61787095,60.89322917,31.99897856,185.5585938,57.87,68.28,67.32,75.0
ECO0714,Ecuador,El Oro,Las Lajas,,2021-11-05,0.0,,,15.87667446,5636.219432,745.2106282999998,0.13221817,-80.06842328,-3.803663755,54.61142857,34.05564269,212.8114286,57.87,68.28,67.32,75.0
ECP1701,Ecuador,Pichincha,Quito,,2021-11-05,90.0,-0.14277,0.19565,569.3954891,2805980.97,211991.2812,0.075549796,-78.51915696,-0.103982749,59.49634592,46.63602722,165.02009740000003,57.87,68.28,67.32,75.0
ECP1702,Ecuador,Pichincha,Cayambe,,2021-11-05,2.0,0.03315,0.16088,76.56685702,107117.033,7633.592611,0.071264043,-78.07464558,-0.004028858,87.99358517,79.03832422,253.7840342,57.87,68.28,67.32,75.0
ECP1703,Ecuador,Pichincha,Mejia,,2021-11-05,0.0,-0.041760000000000005,0.15900999999999998,60.66588626,105558.6421,8379.320405,0.07938071299999999,-78.62952785,-0.491961588,84.76066897,71.64393985,253.6418685,57.87,68.28,67.32,75.0
ECP1704,Ecuador,Pichincha,Pedro Moncayo,,2021-11-05,0.0,0.028560000000000002,0.17573,107.2376198,42466.09746000001,3210.125004,0.075592652,-78.27675500000002,0.052831707,27.4040404,20.41711155,129.459596,57.87,68.28,67.32,75.0
ECP1705,Ecuador,Pichincha,Ruminahui,,2021-11-05,0.0,,,662.3741349999998,105317.4875,8327.349109,0.079069003,-78.4429632,-0.40122327,18.44099379,10.50498525,78.1552795,57.87,68.28,67.32,75.0
ECP1707,Ecuador,Pichincha,San Miguel De Los Bancos,,2021-11-05,1.0,,,22.25228896,21918.50462,1377.423558,0.06284295,-78.89382265,-0.038161312,81.50607287,55.89476582,155.3987854,57.87,68.28,67.32,75.0
ECP1708,Ecuador,Pichincha,Pedro Vicente Maldonado,,2021-11-05,0.0,,,22.32217877,16362.15704,932.2678999,0.056977078,-79.05792181,0.148950047,79.00135685,31.63481489,169.6390773,57.87,68.28,67.32,75.0
ECP1709,Ecuador,Pichincha,Puerto Quito,,2021-11-05,1.0,-0.10094,0.30307,32.3297843,26154.7955,1683.386129,0.064362429,-79.23938294,0.155598736,73.12760736,32.52339136,164.46380369999997,57.87,68.28,67.32,75.0
ECR1201,Ecuador,Los Rios,Babahoyo,,2021-11-05,3.0,-0.01815,0.26521999999999996,148.3189969,188068.4881,13466.50193,0.071604244,-79.55255206,-1.781253106,52.82488114,26.23438782,143.22187,57.87,68.28,67.32,75.0
ECR1202,Ecuador,Los Rios,Baba,,2021-11-05,0.0,,,80.45769472,49240.10917,3843.787314,0.078062117,-79.66105844,-1.681029766,57.1503268,46.20103074,137.7941176,57.87,68.28,67.32,75.0
ECR1203,Ecuador,Los Rios,Montalvo,,2021-11-05,0.0,-0.12932000000000002,0.22666999999999998,70.13596740000001,29737.65018,2718.170327,0.091405012,-79.3173589,-1.804767396,59.91334895,32.99080583,117.1053864,57.87,68.28,67.32,75.0
ECR1204,Ecuador,Los Rios,Puebloviejo,,2021-11-05,0.0,,,113.9030759,44080.49036,2732.586437,0.061990835,-79.54531069,-1.5502208480000002,40.44702842,32.71976918,116.5839793,57.87,68.28,67.32,75.0
ECR1205,Ecuador,Los Rios,Quevedo,,2021-11-05,3.0,-0.06598,0.30972,585.8706847,212085.1879,13771.24477,0.064932607,-79.45718418,-1.044961855,13.10526316,8.322694691,60.19944598,57.87,68.28,67.32,75.0
ECR1206,Ecuador,Los Rios,Urdaneta,,2021-11-05,2.0,-0.07779,0.29600000000000004,80.72146888,35598.16777,3213.499022,0.090271473,-79.38901122,-1.566205964,48.23181818,35.32307877,235.8136364,57.87,68.28,67.32,75.0
ECR1207,Ecuador,Los Rios,Ventanas,,2021-11-05,4.0,0.05707,0.24301999999999999,130.4349032,81000.07492,5759.981226,0.071110815,-79.40918919,-1.410788025,39.99029126,26.61399116,93.54530744,57.87,68.28,67.32,75.0
ECR1208,Ecuador,Los Rios,Vinces,,2021-11-05,0.0,0.09318,0.26295999999999997,106.8724894,86673.5889,7542.853387999998,0.08702597,-79.78498096,-1.591008014,31.90976514,36.9049448,161.2719407,57.87,68.28,67.32,75.0
ECR1209,Ecuador,Los Rios,Palenque,,2021-11-05,0.0,,,40.31898482,27578.18562,2441.246598,0.088520929,-79.71540337,-1.334285156,63.51744186,55.46902202,162.82267439999995,57.87,68.28,67.32,75.0
ECR1210,Ecuador,Los Rios,Buena Fe,,2021-11-05,0.0,0.08717000000000001,0.25386,111.2366507,75418.44915,4403.7967899999985,0.058391504,-79.54355495,-0.784107783,42.10882353,20.25589764,116.41470590000002,57.87,68.28,67.32,75.0
ECR1211,Ecuador,Los Rios,Valencia,,2021-11-05,0.0,-0.02531,0.26441,46.6817442,53590.64234,3384.465536,0.06315404200000001,-79.30663192,-0.777486558,96.48429319,38.42548098,244.9057592,57.87,68.28,67.32,75.0
ECR1212,Ecuador,Los Rios,Mocache,,2021-11-05,0.0,0.04765,0.31345,70.83824266,46611.56367,3844.495562,0.08247944,-79.54984350000002,-1.189670958,36.72685888,31.89299563,114.508346,57.87,68.28,67.32,75.0
ECR1213,Ecuador,Los Rios,Quinsaloma,,2021-11-05,0.0,,,60.26213779,20067.29189,1619.2695199999996,0.080691978,-79.32326719,-1.190985139,38.02670623,19.75425366,102.5133531,57.87,68.28,67.32,75.0
ECS1401,Ecuador,Morona Santiago,Morona,,2021-11-05,3.0,0.02992,0.11498,9.983107261,54368.00214,2753.286379,0.050641671,-78.11533298,-2.209794652,657.9251012,563.5557408,788.6036069,57.87,68.28,67.32,75.0
ECS1402,Ecuador,Morona Santiago,Gualaquiza,,2021-11-05,0.0,0.035269999999999996,0.15758,8.826416078,22666.23649,1393.571398,0.061482258,-78.65283109,-3.36481687,345.2217018,260.2339964,445.0757221,57.87,68.28,67.32,75.0
ECS1403,Ecuador,Morona Santiago,Limon Indanza,,2021-11-05,1.0,,,6.014908137999999,12769.64998,1068.002649,0.083636016,-78.34805615,-3.038661199,431.270794,375.4772249,821.1639887,57.87,68.28,67.32,75.0
ECS1404,Ecuador,Morona Santiago,Palora,,2021-11-05,0.0,,,5.44893668,9246.845545,636.9277483,0.068880543,-78.11304811,-1.6716825480000002,392.1575544,317.6512396,486.478542,57.87,68.28,67.32,75.0
ECS1405,Ecuador,Morona Santiago,Santiago,,2021-11-05,0.0,,,7.430654193,12312.594,877.9805774,0.071307525,-78.35693601,-2.686447827,372.5419664,302.1841304,493.7589928,57.87,68.28,67.32,75.0
ECS1406,Ecuador,Morona Santiago,Sucua,,2021-11-05,0.0,0.11465999999999996,0.15665,23.10193884,24118.42415,1681.8968309999998,0.069734938,-78.25609803,-2.4608210880000003,342.7380038,223.3375228,358.4865643,57.87,68.28,67.32,75.0
ECS1407,Ecuador,Morona Santiago,Huamboya,,2021-11-05,0.0,,,14.27177578,11046.35445,402.8830958,0.036472041,-77.95670642,-1.984254985,192.1494845,106.7797487,460.4420103,57.87,68.28,67.32,75.0
ECS1408,Ecuador,Morona Santiago,San Juan Bosco,,2021-11-05,2.0,,,4.190025282,5107.640818,324.23726939999995,0.063480832,-78.37595538,-3.256766025,732.3426002,673.0902706,1043.829926,57.87,68.28,67.32,75.0
ECS1409,Ecuador,Morona Santiago,Taisha,,2021-11-05,0.0,,,3.403204832,24482.65556,690.2080786,0.028191715,-77.39141503,-2.475640036,1129.901236,463.741193,781.2492013,57.87,68.28,67.32,75.0
ECS1410,Ecuador,Morona Santiago,Logrono,,2021-11-05,0.0,,,5.549408088,7586.040856,372.1274927,0.049054243,-78.04137722,-2.767118869,777.3391813,629.8699552999999,995.7090643,57.87,68.28,67.32,75.0
ECS1411,Ecuador,Morona Santiago,Pablo Sexto,,2021-11-05,0.0,,,1.521077994,2476.314974,138.53740259999998,0.055944983,-78.27584752,-1.858445799,646.3507371000002,569.915943,878.3353808,57.87,68.28,67.32,75.0
ECS1412,Ecuador,Morona Santiago,Tiwintza,,2021-11-05,0.0,,,6.792870297,9313.025177,297.0961461,0.031901143,-77.90815426,-2.984597299,288.5595325000001,196.3840254,549.6486486,57.87,68.28,67.32,75.0
ECSD0808,Ecuador,Sto. Domingo Tsachilas,La Concordia,,2021-11-05,2.0,-0.0070599999999999994,0.26678,144.07276159999995,54459.50387000001,3311.100384,0.060799312,-79.37476768,-0.042018851,34.16753927,17.07412141,102.2513089,57.87,68.28,67.32,75.0
ECSD2301,Ecuador,Sto. Domingo Tsachilas,Santo Domingo,,2021-11-05,3.0,-0.00602,0.25859,120.4380889,484642.8696,29641.80757,0.061162166,-79.17681759999998,-0.306065078,41.35748071,37.06768008,235.2093602,57.87,68.28,67.32,75.0
ECSE2401,Ecuador,Santa Elena,Santa Elena,,2021-11-05,0.0,0.00064,0.22610999999999998,43.95388396,185309.5748,14143.39801,0.076323085,-80.54234293,-2.179289056,76.445872,44.83062801,156.61051630000003,57.87,68.28,67.32,75.0
ECSE2402,Ecuador,Santa Elena,La Libertad,,2021-11-05,0.0,-0.0742,0.2308800000000001,4072.455894,114028.765,6682.003655,0.058599282,-80.89511279,-2.234427144,3.64516129,4.628400699,19.74193548,57.87,68.28,67.32,75.0
ECSE2403,Ecuador,Santa Elena,Salinas,,2021-11-05,0.0,-0.10239,0.24809,1119.55057,95161.79847,5507.904507,0.057879366,-80.93484318,-2.241253249,11.44,6.227232073,36.44,57.87,68.28,67.32,75.0
ECT1801,Ecuador,Tungurahua,Ambato,,2021-11-05,9.0,-0.03545,0.15356,322.66718619999995,383005.9501,35847.38656,0.093594857,-78.74970178,-1.278342586,29.00926706,23.75982877,120.3403538,57.87,68.28,67.32,75.0
ECT1802,Ecuador,Tungurahua,Banos,,2021-11-05,1.0,,,18.73566594,23400.84675,2541.97121,0.10862732,-78.27339887,-1.336639181,242.340016,279.1520905,530.6319166000002,57.87,68.28,67.32,75.0
ECT1803,Ecuador,Tungurahua,Cevallos,,2021-11-05,1.0,,,434.32858210000006,9989.557388,1250.398117,0.12517053,-78.61247251,-1.350622074,4.956521738999999,4.29436906,42.73913043,57.87,68.28,67.32,75.0
ECT1804,Ecuador,Tungurahua,Mocha,,2021-11-05,0.0,,,85.98676309,8598.676309,1252.414747,0.14565204,-78.69412934,-1.417509057,28.78,23.21111496,116.26,57.87,68.28,67.32,75.0
ECT1805,Ecuador,Tungurahua,Patate,,2021-11-05,0.0,,,41.86004889,15278.91785,1789.9257120000002,0.11715003,-78.42498367,-1.27125835,88.0027248,64.16618245,176.25885559999998,57.87,68.28,67.32,75.0
ECT1806,Ecuador,Tungurahua,Quero,,2021-11-05,0.0,,,106.3652356,21698.50807,2449.30527,0.11287897,-78.61996357,-1.446177719,39.27722772,24.74376931,120.3415842,57.87,68.28,67.32,75.0
ECT1807,Ecuador,Tungurahua,Pelileo,,2021-11-05,0.0,,,274.8811678,65421.71794,6706.017519,0.10250445,-78.53192313,-1.360901783,18.01680672,12.38879324,79.80672269,57.87,68.28,67.32,75.0
ECT1808,Ecuador,Tungurahua,Pillaro,,2021-11-05,0.0,,,85.23913814,44750.54752,5443.156452,0.12163329,-78.44947552,-1.144374962,70.51515152,41.87337482,157.88825759999997,57.87,68.28,67.32,75.0
ECT1809,Ecuador,Tungurahua,Tisaleo,,2021-11-05,0.0,,,198.642518,14103.61878,1571.0914300000004,0.11139634,-78.68018305,-1.366495763,14.28169014,9.556889667,49.09859155,57.87,68.28,67.32,75.0
ECU2101,Ecuador,Sucumbios,Lago Agrio,,2021-11-05,4.0,-0.01326,0.19336,35.61230577,131053.2853,5796.176675,0.044227634,-76.77665447,0.109839529,123.6487885,95.44410938,402.3223523,57.87,68.28,67.32,75.0
ECU2102,Ecuador,Sucumbios,Gonzalo Pizarro,,2021-11-05,1.0,,,4.667125895,12148.52871,721.2338637,0.05936799900000001,-77.58708341,0.081758549,495.4274751,490.0566721,1193.071374,57.87,68.28,67.32,75.0
ECU2103,Ecuador,Sucumbios,Putumayo,,2021-11-05,0.0,,,3.308393148,13657.04692,664.6995336,0.04867081,-76.01134517,0.07897354599999999,457.8011653,460.45834969999987,1403.284292,57.87,68.28,67.32,75.0
ECU2104,Ecuador,Sucumbios,Shushufindi,,2021-11-05,2.0,-0.0859,0.21031999999999998,21.21971866,62598.17004,2593.6395350000007,0.041433152,-76.3899747,-0.406610748,278.62368510000005,153.82920009999995,385.9080421,57.87,68.28,67.32,75.0
ECU2105,Ecuador,Sucumbios,Sucumbios,,2021-11-05,0.0,,,4.168421198,7386.442362999999,647.3217452,0.087636471,-77.62310123,0.402177618,526.1447887,570.9909949,868.8090141000001,57.87,68.28,67.32,75.0
ECU2106,Ecuador,Sucumbios,Cascales,,2021-11-05,0.0,,,11.1140776,16193.21106,948.9743879,0.058603223,-77.23285079,0.145752216,357.6960986,288.6946891,829.3737166,57.87,68.28,67.32,75.0
ECU2107,Ecuador,Sucumbios,Cuyabeno,,2021-11-05,0.0,,,2.252059451,10190.56902,537.0447957,0.052700177,-75.87943834,-0.279670385,1121.876214,863.4275369,1194.822816,57.87,68.28,67.32,75.0
ECX0501,Ecuador,Cotopaxi,Latacunga,,2021-11-05,3.0,-0.021730000000000003,0.14432,126.1784005,204156.652,18976.32501,0.092949823,-78.58039256,-0.794443757,36.81122764,29.98407618,189.6724244,57.87,68.28,67.32,75.0
ECX0502,Ecuador,Cotopaxi,La Mana,,2021-11-05,0.0,,,65.29395992,49949.87934,3191.7817760000007,0.063899688,-79.07512899,-0.68914445,141.16120580000003,100.2725232,337.1821756,57.87,68.28,67.32,75.0
ECX0503,Ecuador,Cotopaxi,Pangua,,2021-11-05,0.0,,,31.01521501,26083.79582,2669.326639,0.10233659,-79.13676846,-1.083113222,105.8446026,50.13299184,166.2040332,57.87,68.28,67.32,75.0
ECX0504,Ecuador,Cotopaxi,Pujili,,2021-11-05,0.0,0.10463,0.1759,54.57544546,83282.12977,8440.989574,0.10135415,-78.9005072,-0.991617771,83.92146597,52.24722419,177.41557590000005,57.87,68.28,67.32,75.0
ECX0505,Ecuador,Cotopaxi,Salcedo,,2021-11-05,1.0,-0.00318,0.12771,120.6242478,68273.32424,7304.80605,0.10699356,-78.5123886,-1.02877208,43.97153025,28.72896796,129.2935943,57.87,68.28,67.32,75.0
ECX0506,Ecuador,Cotopaxi,Saquisili,,2021-11-05,0.0,0.07314,0.13541,120.5590817,28813.62053,2523.386083,0.08757615099999999,-78.74278774,-0.8242930479999999,21.14644351,15.39339382,119.6192469,57.87,68.28,67.32,75.0
ECX0507,Ecuador,Cotopaxi,Sigchos,,2021-11-05,0.0,,,16.61931589,26358.23501,2792.300862,0.10593656,-78.92659899,-0.635525782,150.2479495,127.94965159999998,484.71735020000006,57.87,68.28,67.32,75.0
ECY1601,Ecuador,Pastaza,Pastaza,,2021-11-05,3.0,-0.057220000000000014,0.17515,3.706539135,86032.47987000001,4880.635217,0.056730147,-76.88362632,-1.897537912,1480.033006,1111.501623,2782.365607,57.87,68.28,67.32,75.0
ECY1602,Ecuador,Pastaza,Mera,,2021-11-05,0.0,,,28.81262747,17777.39115,985.2519633,0.055421628,-77.98381658,-1.626749498,231.52980130000003,153.0159184,294.75,57.87,68.28,67.32,75.0
ECY1603,Ecuador,Pastaza,Santa Clara,,2021-11-05,0.0,,,13.69096576,4983.5115369999985,322.3338159,0.064680055,-77.85076372,-1.281118168,174.4459459,82.30911834,178.0756757,57.87,68.28,67.32,75.0
ECY1604,Ecuador,Pastaza,Arajuno,,2021-11-05,0.0,,,0.886347074,9156.85162,314.71391810000006,0.034369227,-77.24915092,-1.267974881,1001.13033,839.5747711000001,2029.087982,57.87,68.28,67.32,75.0
ECZ1901,Ecuador,Zamora Chinchipe,Zamora,,2021-11-05,0.0,0.10034,0.17306,13.97683963,31070.5145,1954.331953,0.062899888,-78.98274443,-4.012517142,236.78781040000004,203.6146801,353.8984199,57.87,68.28,67.32,75.0
ECZ1902,Ecuador,Zamora Chinchipe,Chinchipe,,2021-11-05,0.0,,,8.720383306,11772.51746,992.0356129,0.084267072,-79.16326396,-4.84835521,264.8683432,145.6171662,325.3720414,57.87,68.28,67.32,75.0
ECZ1903,Ecuador,Zamora Chinchipe,Nangaritza,,2021-11-05,0.0,,,2.689037416,6359.573488,342.6735486,0.053883102,-78.76263222,-4.342915282,626.6892177999998,402.5113304,738.6122622,57.87,68.28,67.32,75.0
ECZ1904,Ecuador,Zamora Chinchipe,Yacuambi,,2021-11-05,0.0,,,4.836480863999999,7095.117428000001,308.1045724,0.043424875,-78.96704521,-3.607535545,376.02301960000005,263.730083,536.5402843999998,57.87,68.28,67.32,75.0
ECZ1905,Ecuador,Zamora Chinchipe,Yantzaza,,2021-11-05,1.0,-0.08094,0.16124000000000002,18.93740884,22459.76689,1327.303218,0.05909692900000001,-78.62952103,-3.795327155,233.2470289,161.74410509999996,324.1485569,57.87,68.28,67.32,75.0
ECZ1906,Ecuador,Zamora Chinchipe,El Pangui,,2021-11-05,4.0,0.0266,0.18188,14.05073392,10467.79677,643.6194097,0.061485663,-78.53558259,-3.622749028,182.6043069,109.1730775,254.9676985,57.87,68.28,67.32,75.0
ECZ1907,Ecuador,Zamora Chinchipe,Centinela Del Condor,,2021-11-05,0.0,,,25.45145803,8017.20928,600.7917418,0.074937768,-78.74906733,-3.935346157,111.933121,42.79490695,137.8057325,57.87,68.28,67.32,75.0
ECZ1908,Ecuador,Zamora Chinchipe,Palanda,,2021-11-05,0.0,,,4.221876476,9862.303447,649.0909514,0.06581535200000001,-79.09368038,-4.569397121000001,368.38421960000005,294.0712496000001,520.9905660000002,57.87,68.28,67.32,75.0
ECZ1909,Ecuador,Zamora Chinchipe,Paquisha,,2021-11-05,1.0,,,11.97749428,4743.087735,211.7392337,0.044641644,-78.59550758,-3.944521238,208.9059406,103.605688,258.90841580000006,57.87,68.28,67.32,75.0
